   slot   | epoch  | execution_block_number | blob_count | blob_gas_used | excess_blob_gas | base_fee_per_gas |          observed_at          
----------+--------+------------------------+------------+---------------+-----------------+------------------+-------------------------------
 14305099 | 447034 |               25070429 |          0 |             0 |       193128013 |        243282633 | 2026-05-11 07:40:19.119508+00
 14305098 | 447034 |               25070428 |          0 |             0 |       193128013 |        255153601 | 2026-05-11 07:40:07.350608+00
 14305097 | 447034 |               25070427 |          8 |       1048576 |       192778488 |        250634905 | 2026-05-11 07:39:55.096992+00
 14305096 | 447034 |               25070426 |          0 |             0 |       192778488 |        261024236 | 2026-05-11 07:39:43.081097+00
 14305095 | 447034 |               25070425 |          4 |        524288 |       192603726 |        260806535 | 2026-05-11 07:39:31.344574+00
 14305094 | 447034 |               25070424 |          2 |        262144 |       192516345 |        259542869 | 2026-05-11 07:39:19.078987+00
 14305093 | 447034 |               25070423 |          5 |        655360 |       193695993 |        247881823 | 2026-05-11 07:39:07.322532+00
 14305092 | 447034 |               25070422 |          5 |        655360 |       193477540 |        260276487 | 2026-05-11 07:38:55.314196+00
 14305091 | 447034 |               25070421 |          0 |             0 |       193477540 |        264850271 | 2026-05-11 07:38:42.555449+00
 14305090 | 447034 |               25070420 |          0 |             0 |       193477540 |        269024118 | 2026-05-11 07:38:31.052527+00
 14305089 | 447034 |               25070419 |          1 |        131072 |       193433850 |        270480074 | 2026-05-11 07:38:19.304872+00
 14305088 | 447034 |               25070418 |          0 |             0 |       193433850 |        282138539 | 2026-05-11 07:38:07.036484+00
 14305087 | 447033 |               25070417 |          6 |        786432 |       193171706 |        282867692 | 2026-05-11 07:37:54.783792+00
 14305086 | 447033 |               25070416 |          2 |        262144 |       193084325 |        266999016 | 2026-05-11 07:37:43.525909+00
 14305085 | 447033 |               25070415 |          5 |        655360 |       192865872 |        245485455 | 2026-05-11 07:37:31.272012+00
 14305084 | 447033 |               25070414 |          0 |             0 |       194700880 |        272459230 | 2026-05-11 07:37:18.507788+00
 14305083 | 447033 |               25070413 |          0 |             0 |       194700880 |        290564545 | 2026-05-11 07:37:07.004116+00
 14305082 | 447033 |               25070412 |          8 |       1048576 |       194351355 |        289408159 | 2026-05-11 07:36:54.999143+00
 14305081 | 447033 |               25070411 |          1 |        131072 |       194307665 |        288607127 | 2026-05-11 07:36:42.993512+00
 14305080 | 447033 |               25070410 |          0 |             0 |       194307665 |        273824628 | 2026-05-11 07:36:31.482671+00
(20 rows)

